1 1 17 169 205 252 274 321 368 413 488 498 523 538 554 663 706 829 914 931
2 2 13 72 196 205 208 368 417 509 675 829 846 856 911 925
3 3 12 71 82 229 331 339 349 362 419 487 549 605 862
4 4 9 144 321 362 437 633 825 876 879 914
5 5 10 54 185 229 349 496 516 652 692 712 963
6 6 8 4 324 343 352 422 558 784 947
7 7 8 140 158 258 270 769 804 832 983
8 8 5 381 475 507 813 988
9 9 22 12 85 143 205 224 246 285 336 346 387 499 510 567 594 606 642 706 746 752 787 844 854
10 10 13 263 336 350 423 450 456 467 480 550 769 833 886 895
11 11 13 71 82 138 217 346 363 540 572 608 692 778 867 968
12 12 3 181 858 985
13 13 5 70 123 216 326 944
14 14 12 8 350 452 518 577 600 673 706 787 820 919 992
15 15 10 54 314 581 585 605 675 733 789 814 948
16 16 12 8 26 97 110 120 205 334 602 605 661 784 962
17 17 14 51 89 118 196 368 407 460 494 674 718 901 904 918 952
18 18 8 319 470 472 498 555 571 655 992
19 19 4 48 276 415 956
20 20 14 3 15 120 124 143 194 205 318 438 510 581 792 834 844
21 21 3 281 539 829
22 22 15 28 48 183 316 349 408 443 509 510 529 569 606 623 642 983
23 23 8 72 189 418 468 567 665 926 938
24 24 14 12 187 230 419 509 548 559 653 687 738 776 789 911 914
25 25 9 110 115 353 371 541 549 766 813 874
26 26 11 112 217 242 277 348 349 591 653 789 890 900
27 27 12 27 48 272 300 322 396 424 480 487 529 658 867
28 28 6 339 550 792 841 947 989
29 29 8 212 240 274 656 769 771 854 967
30 30 11 32 72 93 142 294 350 415 575 606 937 941
31 31 13 39 93 125 151 403 409 429 594 675 775 860 890 993
32 32 10 17 154 360 427 514 652 876 900 937 939
33 33 10 83 168 194 217 249 489 529 548 798 913
34 34 9 37 115 183 252 469 529 606 676 944
35 35 19 5 45 51 73 120 234 322 343 368 489 494 572 634 665 720 914 918 921 949
36 36 10 51 110 125 177 204 304 634 686 829 966
37 37 6 108 172 560 716 767 829
38 38 13 33 145 314 322 370 617 795 797 918 923 932 947 977
39 39 12 8 10 263 276 348 468 493 676 691 949 960 984
40 40 16 16 90 111 192 358 390 419 576 585 642 725 790 858 895 919 992
41 41 10 192 208 276 290 326 458 510 661 888 969
42 42 9 8 161 180 368 477 573 580 656 716
43 43 12 183 236 283 362 381 608 652 672 829 935 937 966
44 44 8 54 72 160 227 294 484 690 869
45 45 15 0 74 204 265 347 414 490 523 538 684 788 803 814 830 927
46 46 11 127 194 222 229 236 460 579 600 629 758 828
47 47 13 39 53 88 130 142 145 274 432 528 692 800 835 967
48 48 12 472 477 561 597 663 684 720 819 833 887 926 947
49 49 4 51 472 763 812
50 50 9 39 177 241 320 332 421 580 956 970
51 51 12 38 73 110 168 314 526 591 676 680 752 759 975
52 52 7 78 111 194 354 460 509 758
53 53 11 45 226 296 368 460 541 675 676 782 784 868
54 54 12 164 349 354 390 419 447 494 515 529 692 854 858
55 55 15 72 214 227 259 339 520 629 689 722 733 801 825 844 859 885
56 56 6 177 181 259 653 766 984
57 57 10 8 69 187 214 354 423 548 624 746 963
58 58 15 114 177 204 207 266 422 440 449 490 573 638 663 868 886 984
59 59 10 12 71 345 385 529 605 614 684 697 923
60 60 13 102 138 220 306 401 527 621 631 649 692 723 789 826
61 61 12 69 117 354 381 395 407 494 496 694 785 800 801
62 62 10 0 52 223 561 594 597 638 933 937 946
63 63 8 177 183 217 286 403 634 662 769
64 64 11 59 180 285 326 362 510 541 701 722 780 913
65 65 7 161 360 376 378 403 496 720
66 66 13 8 36 73 116 162 274 283 424 710 763 925 972 981
67 67 12 272 326 355 484 540 655 867 874 937 956 982 998
68 68 13 25 77 190 234 320 349 368 464 634 803 829 868 937
69 69 3 387 750 888
70 70 11 58 63 111 127 174 279 319 623 640 676 750
71 71 7 6 31 339 523 736 752 911
72 72 13 22 71 139 205 374 472 503 617 662 689 812 828 979
73 73 4 73 513 622 884
74 74 15 72 76 140 246 419 538 602 614 639 661 671 707 855 886 937
75 75 8 4 70 328 390 669 684 833 895
76 76 3 3 833 883
77 77 8 93 143 155 460 481 576 614 919
78 78 12 2 33 48 52 66 85 193 241 469 675 886 967
79 79 10 265 276 529 538 548 573 598 782 811 829
80 80 13 54 72 75 111 177 217 252 373 377 405 571 812 899
81 81 11 21 110 182 189 258 275 298 460 639 665 841
82 82 8 93 168 334 597 623 686 856 860
83 83 11 18 24 33 145 419 431 537 617 722 814 817
84 84 9 21 38 82 413 598 793 857 922 992
85 85 11 17 45 105 172 461 489 687 694 835 916 953
86 86 10 120 175 320 350 512 556 766 784 858 950
87 87 4 333 385 527 597
88 88 14 43 103 112 203 390 472 518 581 588 597 605 895 932 958
89 89 13 45 276 296 438 450 641 684 706 708 710 885 910 979
90 90 12 31 53 279 401 581 634 647 779 822 923 947 966
91 91 16 68 283 311 328 344 378 438 449 692 710 740 746 792 812 839 937
92 92 9 316 345 357 580 775 854 862 864 919
93 93 12 7 151 157 266 541 598 606 726 854 867 975 988
94 94 14 21 22 78 147 300 339 424 538 572 634 738 854 945 947
95 95 5 33 108 229 287 394
96 96 10 35 283 346 373 541 569 722 797 905 956
97 97 11 115 523 541 579 593 630 719 857 937 954 964
98 98 3 198 390 470
99 99 8 158 239 273 304 364 780 845 918
100 100 10 45 236 252 294 498 538 554 663 829 833
101 101 14 118 183 207 324 381 385 407 460 583 658 676 775 893 948
102 102 5 294 368 538 802 854
103 103 8 193 280 378 550 589 718 746 814
104 104 9 21 43 342 403 450 522 565 617 859
105 105 3 45 461 687
106 106 12 1 110 111 129 362 368 487 758 790 797 937 956
107 107 8 22 319 505 540 616 706 901 904
108 108 6 46 93 203 223 319 769
109 109 8 144 194 265 280 569 574 691 805
110 110 6 1 54 173 609 749 914
111 111 12 6 110 368 486 553 567 597 822 854 868 901 914
112 112 9 22 319 401 450 505 540 569 616 706
113 113 5 168 334 477 548 684
114 114 11 177 226 230 239 351 374 572 592 681 706 841
115 115 12 120 154 276 279 310 418 581 592 598 675 676 758
116 116 11 43 205 244 319 541 593 639 657 775 860 972
117 117 12 73 97 98 140 217 368 387 530 541 831 841 895
118 118 7 110 112 521 752 759 914 975
119 119 14 10 55 59 152 207 304 354 438 460 505 614 738 888 956
120 120 11 8 26 77 152 234 460 480 548 661 818 911
121 121 12 73 130 142 154 373 413 561 569 594 846 886 904
122 122 5 27 418 528 766 813
123 123 8 25 132 236 354 515 692 858 984
124 124 12 27 69 120 181 266 285 350 392 550 653 673 771
125 125 11 175 194 259 318 440 510 792 844 882 937 956
126 126 5 34 183 303 540 550
127 127 13 15 41 51 68 136 145 274 315 326 438 609 711 915
128 128 10 8 70 351 362 477 684 765 766 819 820
129 129 2 583 684
130 130 10 38 112 229 274 447 541 663 829 911 956
131 131 7 350 414 511 691 832 857 944
132 132 10 38 208 290 304 354 439 458 888 944 969
133 133 14 43 151 353 362 371 509 710 711 750 785 795 813 872 888
134 134 13 110 112 198 322 423 438 521 633 657 732 749 823 968
135 135 12 41 212 241 347 471 597 609 692 834 857 915 952
136 136 12 1 73 98 234 271 368 530 710 763 944 962 967
137 137 6 38 283 335 419 632 663
138 138 3 538 780 887
139 139 12 39 156 187 229 240 413 419 580 795 832 948 988
140 140 8 283 335 371 507 528 715 809 868
141 141 11 18 37 168 240 355 408 456 478 797 826 913
142 142 15 89 112 234 236 354 438 475 494 510 515 692 773 789 858 940
143 143 13 38 46 71 304 354 439 473 521 628 844 926 937 944
144 144 7 345 362 413 477 718 865 913
145 145 13 58 151 509 518 573 602 627 639 675 722 760 771 959
146 146 11 127 162 283 314 335 339 540 674 675 758 900
147 147 10 54 145 296 354 422 487 600 710 858 885
148 148 11 16 155 290 300 326 424 443 523 770 843 942
149 149 15 27 58 294 354 357 480 510 579 597 674 716 814 878 895 918
150 150 16 67 145 335 362 509 535 548 682 692 746 797 884 888 937 947 966
151 151 14 8 31 36 132 274 397 424 685 720 775 797 903 925 981
152 152 6 39 53 142 145 692 800
153 153 9 69 121 175 520 597 795 827 910 960
154 154 10 48 105 333 371 529 617 675 750 848 863
155 155 8 3 145 279 362 508 618 657 886
156 156 9 97 385 429 631 661 719 722 840 886
157 157 11 18 35 161 164 307 449 470 653 704 795 884
158 158 8 122 161 343 383 390 535 675 918
159 159 7 69 72 89 244 487 616 829
160 160 6 69 116 205 436 550 914
161 161 13 145 274 296 328 355 358 370 428 574 649 795 830 839
162 162 13 12 21 75 127 216 275 480 540 623 692 844 918 956
163 163 11 37 38 112 274 447 541 583 663 712 829 956
164 164 14 25 52 93 177 334 451 620 627 730 753 788 800 937 982
165 165 6 77 234 320 529 814 956
166 166 16 17 18 93 174 234 263 308 521 541 606 680 688 780 888 900 918
167 167 10 125 132 165 400 580 720 795 855 928 994
168 168 11 12 45 75 84 165 173 496 756 804 857 948
169 169 11 10 59 72 75 127 168 357 752 874 900 921
170 170 7 368 375 523 528 561 719 915
171 171 13 8 75 118 264 355 364 373 438 477 699 716 766 946
172 172 14 27 62 163 254 343 352 496 617 624 653 720 798 829 966
173 173 16 128 294 319 414 490 494 510 515 577 608 665 692 773 828 961 964
174 174 4 12 227 390 722
175 175 10 283 407 527 545 563 647 720 764 804 933
176 176 9 158 161 199 205 229 368 400 403 740
177 177 7 132 136 385 489 862 918 988
178 178 16 5 102 235 304 328 487 523 541 574 617 619 715 764 921 923 937
179 179 13 54 140 263 280 354 367 424 442 459 471 514 662 918
180 180 7 197 304 411 437 492 513 946
181 181 10 268 299 411 509 676 793 848 887 918 975
182 182 10 112 161 490 550 576 578 618 687 705 830
183 183 16 7 73 258 259 350 358 401 408 470 477 628 629 653 750 817 905
184 184 10 73 120 343 472 548 606 634 826 914 918
185 185 14 2 143 145 176 212 217 328 368 477 494 652 682 824 913
186 186 3 419 675 855
187 187 8 194 318 366 510 628 792 844 862
188 188 11 205 217 419 421 459 529 700 718 751 752 928
189 189 11 224 354 406 494 523 529 629 736 829 878 941
190 190 13 6 12 15 48 290 460 475 550 579 632 676 795 939
191 191 23 38 71 120 147 300 343 356 362 413 414 548 561 597 600 608 640 653 692 694 711 804 809 968
192 192 9 57 361 381 544 740 780 829 914 915
193 193 8 67 129 354 661 694 775 895 928
194 194 12 64 72 177 244 343 387 470 487 829 918 956 992
195 195 7 381 850 894 912 937 950 952
196 196 7 46 176 189 665 740 824 980
197 197 9 75 118 161 163 180 355 624 962 982
198 198 11 18 39 93 205 339 477 580 832 871 900 988
199 199 14 33 43 53 151 373 403 527 529 580 633 778 829 868 992
200 200 8 158 165 177 217 411 530 581 984
201 201 12 18 283 392 407 527 534 647 684 778 846 862 906
202 202 12 12 27 177 326 419 501 548 597 798 879 890 956
203 203 3 346 663 689
204 204 15 33 217 283 310 346 387 438 460 510 515 568 712 733 946 992
205 205 7 12 97 349 470 601 622 962
206 206 9 1 66 314 470 523 823 874 884 980
207 207 11 51 204 494 541 631 634 679 829 901 904 963
208 208 16 37 64 71 161 171 361 438 520 565 716 722 727 742 746 837 845
209 209 4 54 240 283 826
210 210 12 31 283 346 368 373 541 569 575 722 797 900 905
211 211 20 8 139 239 263 438 513 518 526 540 550 608 645 658 769 790 795 860 886 919 966
212 212 11 90 102 397 427 437 484 550 647 783 857 992
213 213 10 205 294 421 541 686 746 809 897 912 937
214 214 3 46 258 894
215 215 6 64 139 180 245 470 823
216 216 7 157 317 394 541 657 895 968
217 217 14 39 100 258 350 400 522 581 600 705 807 855 899 933 937
218 218 13 46 132 141 158 159 354 408 583 617 641 800 829 914
219 219 11 31 120 498 505 548 573 595 634 663 766 885
220 220 11 12 32 320 384 387 510 516 556 617 744 950
221 221 13 7 368 427 449 470 496 529 575 719 797 804 833 948
222 222 16 2 181 207 266 283 345 362 450 512 539 579 640 687 854 932 966
223 223 11 21 411 413 440 470 579 766 793 832 857 966
224 224 14 2 222 229 236 304 487 577 617 619 629 812 828 851 923
225 225 4 624 694 899 939
226 226 12 12 120 159 241 301 347 375 412 588 797 910 921
227 227 10 212 239 352 364 431 443 537 735 864 899
228 228 11 71 74 171 205 277 361 383 408 608 778 918
229 229 5 108 388 568 583 653
230 230 9 51 159 268 578 631 663 723 878 998
231 231 5 68 346 738 797 820
232 232 9 12 283 308 655 819 825 834 868 981
233 233 10 82 255 349 629 675 692 706 765 788 838
234 234 11 21 207 339 343 368 374 538 597 766 789 890
235 235 6 31 489 634 763 975 991
236 236 11 8 126 294 415 510 620 657 720 758 844 896
237 237 17 25 52 86 373 447 450 460 510 562 628 692 711 766 833 844 872 938
238 238 11 39 53 120 142 145 368 510 659 692 800 801
239 239 12 36 68 83 115 183 246 334 658 692 705 824 992
240 240 7 39 517 580 606 832 963 988
241 241 9 32 51 201 205 227 244 283 578 720
242 242 7 183 447 489 697 797 855 967
243 243 11 6 25 89 151 231 303 381 412 524 738 871
244 244 3 120 522 707
245 245 10 43 68 168 419 541 550 630 665 792 910
246 246 14 1 25 38 70 140 142 183 368 438 470 575 597 686 896
247 247 9 516 561 681 736 773 883 890 919 938
248 248 7 8 145 561 631 706 844 937
249 249 15 117 161 166 172 254 295 417 427 529 541 750 763 777 843 914
250 250 14 3 27 103 649 758 797 885 923 932 947 949 977 980 982
251 251 12 8 45 116 128 165 362 381 804 826 857 885 979
252 252 8 37 96 156 175 285 489 579 682
253 253 7 73 97 204 229 427 540 720
254 254 5 8 21 130 196 897
255 255 9 18 71 234 242 316 336 412 641 707
256 256 9 55 83 167 264 427 572 675 766 949
257 257 13 220 295 375 472 526 606 613 780 829 874 883 956 995
258 258 8 183 362 366 659 674 689 720 778
259 259 9 27 103 207 268 460 807 887 906 918
260 260 7 54 72 115 279 510 541 956
261 261 5 51 111 323 871 956
262 262 12 64 114 201 204 205 440 489 490 684 720 797 868
263 263 11 145 180 372 401 438 505 520 577 682 742 746
264 264 11 27 192 205 263 396 424 461 589 634 675 736
265 265 11 236 308 419 459 523 672 722 751 752 767 775
266 266 12 21 97 343 347 368 395 400 553 598 694 927 932
267 267 5 137 210 224 322 860
268 268 7 144 236 597 632 795 981 982
269 269 7 8 385 460 684 692 886 923
270 270 15 72 151 160 181 294 350 392 484 550 642 690 697 722 797 869
271 271 13 90 196 475 613 673 788 800 814 858 884 913 967 988
272 272 17 145 347 358 402 414 494 522 577 579 605 689 722 763 784 804 854 868
273 273 8 210 230 412 682 800 833 846 937
274 274 8 1 130 145 217 628 669 684 815
275 275 11 22 88 421 504 624 684 723 804 857 874 884
276 276 8 112 285 387 499 511 594 614 720
277 277 16 64 129 205 229 239 362 368 394 487 565 716 758 797 837 947 956
278 278 17 12 33 34 93 137 161 177 216 350 449 529 561 649 784 820 855 890
279 279 10 10 38 112 145 283 504 558 804 900 964
280 280 15 12 64 140 230 306 361 366 548 653 777 789 864 921 937 944
281 281 9 2 162 307 494 516 645 736 765 919
282 282 11 26 90 125 347 350 641 692 697 703 800 920
283 283 7 259 294 580 746 769 897 937
284 284 18 38 82 279 294 308 326 359 387 509 598 658 671 750 885 888 922 988 992
285 285 8 28 204 496 529 624 705 804 854
286 286 9 12 21 120 159 221 347 486 548 910
287 287 10 115 291 302 569 629 653 669 782 789 885
288 288 12 177 197 245 279 540 561 706 826 829 883 895 967
289 289 11 5 28 143 205 221 283 319 383 511 832 918
290 290 14 145 198 321 334 576 592 606 623 678 688 829 895 914 988
291 291 13 52 304 401 487 505 510 538 612 617 619 843 923 941
292 292 16 28 41 111 154 212 217 258 272 436 525 540 628 793 820 862 918
293 293 10 61 132 438 460 469 628 686 826 919 979
294 294 10 118 348 440 489 561 574 710 831 845 886
295 295 14 54 192 221 279 294 322 334 461 474 540 684 726 797 883
296 296 7 111 241 487 510 588 789 814
297 297 12 159 193 276 280 333 395 548 567 659 675 784 992
298 298 12 51 266 436 437 494 563 675 706 735 911 978 981
299 299 7 55 129 217 259 296 585 711
300 300 3 97 494 778
301 301 13 83 349 479 513 593 614 618 661 766 769 833 864 903
302 302 15 161 198 234 279 282 353 438 477 633 638 657 732 752 756 763
303 303 4 171 470 529 574
304 304 12 5 53 111 315 352 464 485 495 736 816 864 913
305 305 12 28 100 314 322 368 438 530 735 746 795 918 966
306 306 8 2 5 120 381 489 674 766 826
307 307 7 17 44 174 205 214 593 738
308 308 11 54 97 130 151 246 529 653 665 712 878 992
309 309 17 39 58 128 136 138 234 347 354 508 548 606 639 735 822 830 835 874
310 310 19 36 58 80 120 125 127 140 212 213 296 311 378 460 514 609 682 785 854 914
311 311 12 73 258 274 276 328 358 428 470 628 839 897 905
312 312 10 196 279 413 421 470 478 484 658 687 828
313 313 10 33 57 127 438 661 682 688 826 846 921
314 314 11 111 180 243 355 369 525 614 692 733 804 956
315 315 12 2 53 72 276 385 464 517 536 578 801 906 937
316 316 12 125 151 173 240 304 432 504 596 649 809 830 890
317 317 7 9 163 381 567 857 926 938
318 318 8 126 144 265 303 381 682 701 805
319 319 13 1 48 196 205 346 427 478 575 614 629 638 660 804
320 320 10 276 334 336 443 582 653 701 732 765 890
321 321 8 112 334 362 381 515 522 527 663
322 322 14 21 45 53 116 205 240 283 378 485 492 561 746 752 814
323 323 6 227 516 726 822 919 949
324 324 15 26 212 265 283 326 348 349 466 486 504 562 573 854 937 988
325 325 11 8 326 658 663 722 752 829 867 876 890 970
326 326 10 4 93 279 377 504 631 651 807 885 899
327 327 14 27 54 161 283 326 362 640 817 820 886 888 913 921 967
328 328 14 72 98 249 320 421 450 474 661 738 826 883 918 939 956
329 329 13 74 186 268 432 450 578 608 675 711 944 972 980 985
330 330 8 32 77 159 631 720 735 780 920
331 331 9 122 169 294 541 598 642 750 758 956
332 332 15 55 283 362 375 385 522 597 614 721 731 790 854 867 885 899
333 333 13 39 136 159 215 236 376 460 538 591 620 707 833 918
334 334 15 32 151 177 197 209 249 276 510 579 649 740 789 829 886 934
335 335 11 6 151 249 274 569 581 707 814 885 894 991
336 336 7 510 614 663 716 811 862 895
337 337 10 56 70 177 181 259 419 653 692 797 984
338 338 12 8 45 70 180 477 533 634 649 656 699 716 806
339 339 15 2 181 346 358 376 438 504 536 538 642 663 679 689 871 988
340 340 4 55 326 573 809
341 341 11 82 229 331 362 368 461 479 487 510 592 862
342 342 1 789
343 343 10 151 477 540 578 682 769 788 844 885 937
344 344 14 90 170 172 204 427 529 648 654 661 675 829 843 886 902
345 345 3 53 422 692
346 346 10 8 71 75 108 242 438 486 684 766 958
347 347 4 208 510 544 712
348 348 2 494 682
349 349 8 70 187 374 440 444 746 775 883
350 350 13 55 112 158 334 368 408 537 548 616 785 817 853 856
351 351 5 188 236 381 634 914
352 352 7 2 283 345 362 450 640 966
353 353 14 28 54 100 132 349 522 538 581 658 661 710 790 841 858
354 354 5 157 541 598 726 867
355 355 4 401 505 630 719
356 356 8 242 277 348 349 591 653 660 789
357 357 13 45 181 419 438 450 572 629 708 788 814 858 918 985
358 358 5 110 529 591 686 966
359 359 12 175 220 223 333 421 510 516 597 653 698 933 995
360 360 16 8 26 129 205 217 227 242 541 561 602 612 661 829 890 914 989
361 361 10 44 120 150 204 236 283 529 826 852 906
362 362 14 22 234 306 438 489 504 561 631 662 687 746 782 892 895
363 363 11 43 72 80 115 354 472 474 519 523 541 895
364 364 8 71 352 362 706 846 914 942 998
365 365 11 67 385 405 443 470 525 529 647 658 895 956
366 366 14 43 346 358 427 456 477 509 561 605 627 629 639 854 888
367 367 17 129 198 200 263 297 354 414 593 675 753 803 835 855 911 914 921 962
368 368 9 110 164 205 278 418 588 676 844 998
369 369 9 319 469 544 650 711 854 858 948 953
370 370 8 164 362 617 624 630 711 825 966
371 371 6 129 205 217 686 711 963
372 372 8 197 346 377 571 624 676 788 925
373 373 11 45 88 421 489 545 684 752 820 884 928 975
374 374 5 48 171 419 707 745
375 375 9 8 26 97 142 159 515 602 661 690
376 376 9 234 338 395 430 477 808 825 844 914
377 377 7 39 145 283 475 489 649 674
378 378 13 10 159 333 358 548 567 592 659 688 694 795 802 992
379 379 8 43 221 319 438 447 522 525 937
380 380 11 12 15 118 460 489 550 561 632 795 845 886
381 381 13 11 360 381 470 534 571 624 682 701 788 793 925 995
382 382 12 31 110 203 318 343 352 461 472 538 580 581 606
383 383 6 1 32 53 413 847 932
384 384 9 73 120 268 388 419 484 634 918 923
385 385 6 115 560 658 669 789 885
386 386 12 265 349 350 492 554 562 573 674 832 895 914 988
387 387 7 85 205 320 536 610 722 801
388 388 12 5 72 97 132 282 410 602 691 698 766 890 915
389 389 6 157 477 487 694 722 948
390 390 11 112 151 183 226 376 470 554 705 819 857 886
391 391 6 48 428 430 575 736 947
392 392 11 28 279 325 442 577 676 738 793 876 953 983
393 393 2 778 783
394 394 6 36 115 183 334 658 692
395 395 11 33 53 58 70 319 450 484 523 528 594 991
396 396 13 210 259 411 477 550 658 752 809 813 833 893 963 980
397 397 9 12 170 173 214 324 346 459 750 777
398 398 5 38 44 392 400 736
399 399 6 8 217 342 354 733 932
400 400 11 224 259 330 368 510 527 580 614 665 769 773
401 401 16 43 110 145 162 196 350 369 371 510 556 617 686 785 815 848 966
402 402 10 205 395 430 553 649 687 726 778 797 913
403 403 9 48 140 158 320 512 529 653 769 984
404 404 11 12 378 401 417 597 663 760 901 912 923 982
405 405 14 56 58 72 73 196 268 491 578 588 624 634 776 918 923
406 406 12 41 115 213 290 347 368 561 609 734 795 834 870
407 407 3 614 842 975
408 408 15 39 55 159 197 234 271 304 540 550 710 763 766 825 888 991
409 409 9 12 241 318 470 514 795 804 819 995
410 410 13 55 96 103 121 159 177 358 366 371 460 529 807 906
411 411 8 97 140 217 283 339 459 689 804
412 412 9 39 51 266 355 436 490 550 826 981
413 413 7 326 349 351 354 464 477 634
414 414 11 64 93 168 205 583 638 680 722 758 782 840
415 415 12 165 175 266 290 304 511 579 608 790 792 852 964
416 416 13 216 240 417 563 678 682 687 692 706 722 866 960 966
417 417 11 42 275 340 477 608 641 675 682 684 716 856
418 418 7 71 336 354 509 593 921 989
419 419 6 27 32 226 274 343 988
420 420 13 93 112 203 208 411 441 449 558 578 618 680 829 883
421 421 11 110 120 145 155 220 309 507 628 722 772 782
422 422 7 149 211 294 356 505 707 909
423 423 12 53 112 158 283 492 528 581 588 605 834 897 981
424 424 8 52 72 368 509 530 829 846 856
425 425 4 136 578 775 918
426 426 3 396 510 675
427 427 7 113 208 276 334 510 544 712
428 428 6 281 489 684 824 914 989
429 429 14 12 70 97 193 288 334 361 438 507 528 682 868 885 986
430 430 13 7 96 147 234 271 419 574 606 710 720 763 854 975
431 431 10 43 51 158 481 620 705 758 843 854 888
432 432 4 242 272 438 820
433 433 12 204 276 336 443 494 582 597 678 682 698 701 765
434 434 8 368 401 505 538 561 687 785 913
435 435 4 75 240 422 918
436 436 7 112 171 190 258 501 514 795
437 437 10 75 110 197 749 752 753 759 766 919 975
438 438 14 120 141 263 279 373 450 489 548 574 593 634 794 825 870
439 439 6 285 453 480 567 684 792
440 440 15 172 181 346 350 392 419 427 550 752 766 778 789 800 949 966
441 441 12 38 73 118 266 274 310 449 684 706 775 885 967
442 442 7 5 90 484 606 614 778 784
443 443 12 18 22 132 319 431 505 537 540 706 722 814 817
444 444 5 112 226 710 789 923
445 445 10 23 33 64 128 198 205 430 553 692 835
446 446 12 4 86 161 309 373 377 494 640 683 692 716 964
447 447 13 6 18 32 111 207 226 242 362 651 820 841 911 982
448 448 6 45 48 362 368 673 886
449 449 12 22 212 234 276 472 489 563 618 656 673 854 947
450 450 10 124 204 234 278 285 316 438 523 554 895
451 451 9 75 360 385 407 454 460 658 676 893
452 452 7 18 89 237 408 537 548 722
453 453 6 25 212 280 479 529 914
454 454 5 21 205 602 630 719
455 455 12 32 127 185 197 198 239 409 413 634 663 686 752
456 456 7 48 86 401 585 720 874 978
457 457 5 147 522 678 694 767
458 458 5 276 597 766 844 937
459 459 16 18 38 89 171 183 237 240 259 317 597 602 691 722 837 921 947
460 460 12 12 94 125 346 388 558 574 602 697 746 774 922
461 461 16 7 78 129 147 279 395 538 634 638 673 722 738 829 830 853 932
462 462 7 175 259 387 517 715 782 917
463 463 7 145 165 286 504 598 846 939
464 464 17 198 273 275 388 405 448 460 507 538 550 612 733 780 878 887 914 932
465 465 14 192 203 204 319 332 362 368 438 493 579 701 789 835 886
466 466 20 35 120 125 140 143 168 197 285 322 328 421 448 536 676 735 763 797 854 860 881
467 467 18 6 52 154 215 265 316 345 357 374 381 449 561 580 598 746 815 905 919
468 468 8 2 27 58 298 354 357 720 752
469 469 9 55 93 108 156 294 381 460 522 597
470 470 5 80 577 649 716 860
471 471 12 151 197 206 266 460 520 688 766 790 964 972 997
472 472 10 132 332 449 510 524 539 597 688 690 722
473 473 8 17 43 174 308 541 642 688 918
474 474 10 45 64 165 366 368 477 749 795 857 944
475 475 9 10 69 364 412 704 765 884 923 960
476 476 5 111 350 534 579 829
477 477 9 2 71 597 665 676 734 884 899 919
478 478 12 69 207 340 342 354 412 477 608 675 682 722 775
479 479 10 185 187 268 364 381 529 708 860 890 963
480 480 12 38 78 112 347 397 403 558 571 691 804 900 943
481 481 13 88 196 256 283 350 429 464 706 735 758 801 931 967
482 482 3 322 694 897
483 483 6 208 675 686 819 911 925
484 484 18 112 147 185 198 205 216 343 414 477 487 561 588 633 766 789 855 937 952
485 485 8 121 280 296 368 509 523 602 800
486 486 12 27 140 196 208 390 419 567 639 647 684 914 956
487 487 2 687 825
488 488 10 34 112 217 242 354 394 487 510 538 790
489 489 11 48 57 204 354 419 422 581 609 654 802 888
490 490 14 27 103 205 207 368 460 494 624 682 807 830 859 906 918
491 491 9 8 168 257 296 461 658 686 715 765
492 492 9 21 108 397 474 529 538 844 911 956
493 493 10 45 71 96 120 244 316 356 402 453 545
494 494 6 392 401 494 505 892 949
495 495 10 183 505 548 614 663 763 811 829 857 862
496 496 11 162 177 371 510 563 574 617 618 673 713 848
497 497 10 151 335 402 419 427 460 470 474 884 956
498 498 12 151 515 541 634 676 691 760 774 886 948 952 984
499 499 8 57 161 259 516 534 611 671 893
500 500 3 181 858 985
501 501 13 1 38 266 368 597 686 692 775 883 896 925 967 980
502 502 9 75 103 140 355 373 438 461 593 684
503 503 12 12 39 48 58 217 316 343 648 675 692 760 826
504 504 12 12 285 470 550 617 692 745 771 783 814 897 949
505 505 12 145 175 192 494 608 614 641 661 723 740 766 807
506 506 10 22 320 421 620 638 766 824 825 858 950
507 507 11 111 171 273 415 419 449 510 602 789 814 886
508 508 10 10 55 132 155 280 387 634 705 829 930
509 509 2 8 362
510 510 17 22 90 208 290 412 458 541 597 617 653 722 745 752 783 888 949 969
511 511 10 112 118 236 423 516 529 593 656 744 763
512 512 7 12 48 143 381 574 588 800
513 513 8 54 172 277 392 464 538 658 944
514 514 18 28 41 43 48 52 111 168 400 513 516 523 540 571 701 733 788 975 998
515 515 11 16 130 203 224 274 381 689 736 775 788 820
516 516 12 41 151 157 204 259 477 552 580 722 765 814 917
517 517 8 230 266 307 348 602 789 834 975
518 518 8 112 285 387 499 511 594 614 720
519 519 8 71 234 470 510 722 854 858 882
520 520 9 64 151 154 419 424 480 634 723 940
521 521 9 432 480 583 684 686 722 752 867 943
522 522 10 72 175 304 511 529 579 608 640 792 958
523 523 13 201 218 234 419 540 640 675 701 797 805 829 904 982
524 524 11 73 123 200 254 302 343 371 763 809 890 972
525 525 8 282 311 326 408 472 629 750 981
526 526 6 82 282 749 820 934 947
527 527 12 39 118 125 145 243 419 554 569 692 769 793 914
528 528 16 45 111 165 242 387 406 411 512 565 711 745 804 843 857 888 890
529 529 9 110 173 188 316 472 478 520 527 597
530 530 11 71 279 411 447 450 470 608 844 899 919 982
531 531 4 234 278 285 316
532 532 12 183 240 274 437 706 736 743 769 771 914 963 967
533 533 8 8 128 319 490 494 515 746 964
534 534 9 122 175 266 338 541 634 905 967 991
535 535 8 73 224 234 280 297 308 632 860
536 536 10 93 95 419 504 576 631 651 663 862 949
537 537 11 64 183 329 349 540 602 666 744 817 858 888
538 538 12 38 90 188 285 378 417 541 558 634 901 914 982
539 539 7 93 97 122 623 662 789 887
540 540 10 86 132 161 217 450 510 628 688 792 932
541 541 10 34 205 368 529 632 674 676 684 883 937
542 542 4 256 393 416 419
543 543 7 22 58 316 651 905 948 964
544 544 5 21 24 122 412 897
545 545 9 207 276 277 514 758 793 854 885 984
546 546 21 75 129 138 173 177 385 407 460 477 487 489 538 658 676 725 744 833 862 893 897 977
547 547 20 31 45 96 145 290 317 383 394 440 453 460 469 541 545 548 580 824 888 895 968
548 548 7 24 140 259 280 354 550 663
549 549 5 27 307 528 813 991
550 550 12 31 349 489 573 618 634 752 763 792 919 975 991
551 551 4 110 752 759 975
552 552 13 185 339 354 408 486 567 615 618 676 684 769 775 910
553 553 13 12 22 25 230 306 548 653 789 803 886 906 919 921
554 554 9 183 290 343 478 627 639 720 758 828
555 555 10 5 95 116 154 354 517 722 838 931 956
556 556 12 122 171 227 280 289 339 462 541 674 769 946 964
557 557 9 71 110 177 207 528 593 684 948 992
558 558 10 48 110 272 494 569 573 611 707 736 867
559 559 15 36 43 104 175 266 429 471 474 480 687 843 871 913 967 989
560 560 8 111 634 686 753 890 900 967 976
561 561 11 8 274 370 505 622 658 718 752 795 946 982
562 562 10 68 127 388 392 394 511 632 869 893 942
563 563 9 157 276 360 414 494 500 590 738 769
564 564 12 215 477 487 510 522 606 688 766 794 838 844 918
565 565 8 43 114 533 572 673 736 829 862
566 566 10 205 265 504 529 648 649 720 727 765 874
567 567 13 51 193 279 377 576 686 722 750 804 882 885 899 914
568 568 12 53 203 212 470 491 526 639 858 913 919 940 967
569 569 6 373 538 588 866 874 893
570 570 7 242 362 583 634 652 653 964
571 571 19 24 72 127 141 151 168 257 269 450 489 572 618 722 779 803 805 877 949 956
572 572 7 204 378 419 682 698 789 886
573 573 9 368 381 539 583 593 719 795 828 947
574 574 14 31 35 132 397 414 674 685 720 775 797 903 913 978 991
575 575 11 21 73 122 164 314 526 591 605 676 784 914
576 576 8 168 229 230 280 355 477 820 874
577 577 14 4 8 70 110 162 204 207 326 540 628 752 759 966 975
578 578 11 161 199 207 369 467 539 548 561 616 684 758
579 579 8 21 25 406 478 661 730 744 975
580 580 5 55 354 539 705 736
581 581 8 115 217 346 370 561 797 888 947
582 582 9 98 132 194 224 277 459 494 629 740
583 583 15 55 368 436 450 593 625 673 685 735 764 896 901 949 952 980
584 584 13 46 53 223 363 421 453 477 638 771 797 826 853 916
585 585 9 10 34 227 294 579 789 883 948 956
586 586 12 85 181 196 293 563 620 651 652 692 735 758 982
587 587 7 54 120 175 276 349 494 512
588 588 11 57 62 100 368 504 548 650 718 798 865 937
589 589 9 172 261 327 419 423 474 540 797 991
590 590 4 227 296 368 829
591 591 7 6 118 175 492 526 630 834
592 592 6 66 122 259 471 876 966
593 593 11 12 137 166 183 215 283 390 541 763 795 797
594 594 13 132 159 197 216 361 368 424 470 534 571 675 937 966
595 595 8 351 380 401 438 460 581 793 947
596 596 9 162 294 339 408 591 744 769 775 966
597 597 14 7 320 411 419 539 606 645 658 661 763 819 854 934 975
598 598 14 32 220 272 319 368 378 561 651 712 789 903 947 967 981
599 599 8 185 266 471 605 661 678 815 960
600 600 11 69 236 419 448 450 459 540 751 752 834 980
601 601 7 443 661 663 694 775 966 984
602 602 12 39 154 172 296 350 381 407 639 789 812 902 970
603 603 14 38 75 266 309 368 387 416 597 696 775 829 871 893 925
604 604 6 625 682 690 845 901 991
605 605 8 32 49 177 180 326 568 639 758
606 606 10 43 120 196 380 450 489 574 602 697 720
607 607 10 193 369 563 579 580 633 658 746 885 960
608 608 12 10 26 27 217 242 281 415 510 634 652 653 890
609 609 10 122 338 378 443 541 601 634 888 905 967
610 610 8 73 97 204 229 427 540 720 800
611 611 8 35 122 190 263 368 718 723 829
612 612 7 45 177 244 521 574 713 759
613 613 7 234 306 561 631 662 892 895
614 614 5 68 159 368 651 938
615 615 10 197 250 419 529 598 660 765 782 820 964
616 616 15 73 112 173 204 281 362 382 478 576 622 692 711 720 787 833
617 617 13 105 494 540 656 692 706 795 812 815 862 885 917 944
618 618 9 149 180 211 356 505 675 725 854 909
619 619 10 54 83 128 194 196 217 402 720 853 975
620 620 11 161 162 272 432 517 525 547 611 689 858 925
621 621 10 43 111 161 175 489 526 576 605 633 784
622 622 9 10 32 175 210 245 285 666 932 947
623 623 10 40 330 422 441 510 578 614 624 745 970
624 624 7 168 196 334 788 841 876 942
625 625 12 5 177 282 345 352 361 456 608 691 732 736 773
626 626 3 395 661 966
627 627 6 8 36 274 424 925 981
628 628 10 154 254 422 461 639 742 853 858 919 967
629 629 6 54 97 147 183 820 888
630 630 9 130 239 290 326 402 450 505 540 952
631 631 12 25 75 89 316 360 362 454 527 809 862 914 966
632 632 13 12 97 104 193 438 509 682 710 823 838 854 982 986
633 633 10 100 234 311 369 450 522 581 661 720 774
634 634 9 1 388 392 606 632 896 918 982 991
635 635 12 32 48 71 419 470 489 494 511 573 635 778 947
636 636 13 72 165 240 350 354 438 682 692 812 830 831 935 937
637 637 12 21 140 207 339 343 368 597 625 682 690 879 991
638 638 6 80 183 368 460 489 933
639 639 4 100 151 697 797
640 640 10 53 95 217 383 613 688 841 888 952 958
641 641 6 110 438 602 752 759 975
642 642 12 161 326 328 411 480 647 676 763 829 863 910 939
643 643 11 108 132 205 215 475 510 597 606 760 795 921
644 644 7 43 128 405 484 516 862 956
645 645 12 25 111 112 212 234 280 360 479 529 600 746 914
646 646 7 188 316 472 478 520 527 597
647 647 16 21 72 100 121 202 257 288 296 319 377 510 541 579 647 659 780
648 648 13 5 120 138 216 300 413 597 600 653 771 804 854 887
649 649 11 126 352 362 492 614 659 663 707 775 829 887
650 650 5 56 72 204 785 881
651 651 7 52 257 405 496 629 657 928
652 652 11 69 130 140 279 362 381 514 682 785 801 914
653 653 13 96 465 561 778 841 871 914 933 937 942 946 948 952
654 654 8 204 249 259 317 569 602 691 946
655 655 11 35 77 122 123 132 275 401 632 711 801 998
656 656 14 12 64 270 309 516 529 597 650 666 712 797 817 858 982
657 657 12 56 242 279 378 392 419 489 764 789 807 829 886
658 658 19 72 129 130 159 295 333 470 593 685 689 725 735 742 795 805 887 937 940 949
659 659 10 22 332 405 671 712 735 759 769 854 932
660 660 6 45 204 377 521 628 692
661 661 8 176 194 198 204 368 390 414 470
662 662 6 63 168 726 750 941 967
663 663 7 12 57 208 227 422 605 720
664 664 7 340 411 477 608 675 682 947
665 665 4 234 265 268 763
666 666 17 43 58 132 196 217 319 456 490 675 688 738 760 771 829 874 956 981
667 667 11 108 217 402 419 489 508 640 659 675 828 897
668 668 6 27 733 845 900 921 938
669 669 7 4 110 390 450 480 576 597
670 670 10 90 96 120 215 309 510 539 620 793 966
671 671 7 43 69 205 461 723 764 992
672 672 14 21 38 57 120 226 362 419 611 641 699 749 833 855 914
673 673 5 71 473 628 926 937
674 674 10 32 158 168 354 536 583 617 873 885 890
675 675 17 72 75 196 325 376 377 405 595 694 705 771 775 788 814 819 897 983
676 676 7 54 111 362 691 746 828 904
677 677 6 229 401 509 581 631 758
678 678 7 78 224 427 461 576 593 793
679 679 9 207 263 285 406 512 557 711 745 890
680 680 10 22 58 227 316 676 679 905 948 956 964
681 681 12 110 144 257 339 419 477 598 682 744 776 830 854
682 682 9 31 54 193 318 349 362 645 775 900
683 683 10 23 48 75 121 155 196 557 883 933 994
684 684 7 196 381 673 708 857 947 967
685 685 3 69 450 980
686 686 13 332 343 381 538 624 663 705 723 782 804 874 918 960
687 687 12 54 217 280 339 354 440 512 629 662 720 788 991
688 688 9 23 31 33 489 634 692 763 975 991
689 689 11 127 175 205 242 283 472 578 707 803 809 813
690 690 11 80 138 143 208 290 458 817 888 895 969 992
691 691 8 68 307 491 736 868 961 966 991
692 692 10 69 112 234 296 355 362 563 649 712 829
693 693 12 72 234 244 271 288 440 487 682 710 763 800 829
694 694 9 23 35 75 121 215 285 557 671 812
695 695 10 140 180 183 279 377 427 472 674 720 829
696 696 7 234 529 574 582 694 789 956
697 697 10 0 140 156 173 279 651 710 731 830 982
698 698 12 38 39 54 118 196 259 507 551 789 893 895 928
699 699 7 173 217 403 665 686 871 988
700 700 17 37 156 175 282 308 343 408 413 478 489 494 663 682 758 815 828 914
701 701 7 5 388 419 523 574 575 945
702 702 8 151 207 275 362 522 593 641 684
703 703 14 3 7 158 242 276 296 334 387 397 408 443 533 782 971
704 704 14 8 172 355 427 438 548 583 701 795 821 868 883 901 937
705 705 11 12 70 212 275 350 523 606 673 760 782 841
706 706 17 132 163 395 405 419 477 510 624 675 694 732 832 858 862 865 888 933
707 707 14 138 239 304 377 510 541 591 639 729 782 887 911 938 992
708 708 8 120 176 194 265 412 453 718 785
709 709 12 8 21 45 130 151 196 279 294 383 766 853 897
710 710 17 16 197 300 326 424 443 460 514 536 676 688 722 812 843 901 942 997
711 711 11 115 132 342 343 477 487 722 826 886 919 989
712 712 10 54 266 403 408 414 607 686 795 819 937
713 713 11 115 183 242 295 322 630 692 766 829 831 942
714 714 10 7 62 110 137 161 418 450 597 784 797
715 715 11 70 111 257 322 350 440 534 579 692 736 829
716 716 9 28 176 304 372 487 617 619 817 923
717 717 16 3 27 204 263 354 368 424 504 548 589 631 634 736 867 893 928
718 718 9 249 335 450 474 663 666 720 855 883
719 719 14 145 309 368 374 401 405 542 571 707 815 914 966 975 982
720 720 16 5 39 56 141 283 298 339 358 472 571 638 649 704 725 798 825
721 721 11 28 93 326 487 663 720 766 780 789 841 956
722 722 3 8 829 867
723 723 9 5 48 529 650 733 804 883 900 944
724 724 8 95 279 419 576 581 663 862 949
725 725 10 32 35 89 105 576 722 778 855 978 992
726 726 10 15 120 276 296 641 710 804 910 947 979
727 727 6 401 682 692 947 966 981
728 728 3 86 867 890
729 729 15 25 110 120 157 268 314 368 430 469 602 706 843 864 887 918
730 730 14 10 21 24 59 74 75 252 357 413 722 752 793 857 900
731 731 12 12 102 171 196 240 257 550 598 671 680 878 991
732 732 18 56 75 129 140 161 229 296 333 362 368 381 452 530 640 650 785 810 886
733 733 7 39 132 145 419 595 769 969
734 734 20 51 69 111 137 157 161 177 207 256 345 406 489 597 605 614 633 773 885 913 922
735 735 9 4 5 12 216 373 449 529 716 804
736 736 9 44 187 235 334 507 705 820 854 989
737 737 16 26 97 185 397 496 529 582 623 634 688 694 755 847 867 883 975
738 738 6 4 32 206 218 742 895
739 739 4 110 718 803 928
740 740 8 27 126 396 412 486 529 722 797
741 741 14 56 75 130 143 147 274 432 460 528 553 784 854 919 967
742 742 9 38 44 58 192 196 392 400 588 776
743 743 9 8 461 494 704 715 795 826 829 975
744 744 13 78 217 219 230 234 327 510 511 555 579 597 612 752
745 745 13 177 197 204 362 377 597 631 706 720 781 883 914 988
746 746 3 249 649 977
747 747 15 5 31 125 161 277 378 419 450 468 572 632 692 805 825 913
748 748 16 10 24 69 295 308 480 574 614 674 725 795 887 913 937 940 949
749 749 4 48 217 387 560
750 750 8 28 276 336 443 582 701 765 916
751 751 13 8 53 180 268 381 408 421 477 571 656 673 716 883
752 752 8 64 366 413 467 792 839 944 954
753 753 6 122 180 368 472 656 840
754 754 7 236 350 390 459 548 752 895
755 755 9 197 265 349 460 562 573 688 988 997
756 756 9 162 240 300 351 641 676 753 784 826
757 757 6 144 154 397 470 617 736
758 758 4 82 183 285 294
759 759 8 150 204 236 441 680 826 852 906
760 760 12 12 130 198 223 239 276 419 431 450 468 653 952
761 761 15 39 177 280 320 327 355 419 571 603 604 778 784 795 886 947
762 762 11 222 229 236 401 509 581 629 631 706 758 828
763 763 15 39 140 145 283 424 475 489 548 615 649 674 686 740 949 953
764 764 5 55 264 572 758 766
765 765 14 78 85 161 198 429 447 460 505 529 797 853 859 883 910
766 766 16 55 112 120 241 259 350 354 368 460 512 529 633 653 676 893 952
767 767 4 196 351 411 933
768 768 8 25 363 424 706 804 815 886 918
769 769 6 71 150 593 720 881 893
770 770 10 75 242 280 362 375 487 541 746 874 952
771 771 9 26 226 438 606 696 797 826 887 956
772 772 5 263 597 663 722 914
773 773 9 68 97 296 350 419 529 582 641 684
774 774 9 112 118 348 489 538 713 819 845 886
775 775 14 1 90 110 111 125 205 430 620 632 789 790 834 937 956
776 776 14 12 114 192 217 368 411 461 510 618 655 765 775 939 981
777 777 14 118 207 280 304 496 554 569 572 583 676 692 789 793 825
778 778 19 10 45 48 68 86 117 203 311 366 419 427 526 586 688 766 813 817 890 956
779 779 8 104 319 427 509 628 649 805 829
780 780 14 8 151 159 362 447 505 622 658 795 844 862 899 965 982
781 781 13 12 68 127 268 275 413 480 594 631 780 844 918 956
782 782 8 204 261 327 413 581 800 918 946
783 783 7 198 321 345 405 427 477 901
784 784 8 127 194 258 460 579 600 705 758
785 785 12 46 242 334 470 529 597 617 707 829 856 918 998
786 786 15 25 27 70 103 158 193 207 280 316 460 574 807 862 906 975
787 787 9 93 487 548 769 829 847 868 913 952
788 788 8 125 177 205 304 460 493 525 785
789 789 17 28 122 204 274 349 368 413 460 528 623 624 658 662 705 804 857 887
790 790 6 140 157 539 800 812 829
791 791 7 280 334 350 517 523 540 968
792 792 9 111 155 234 308 694 736 778 841 886
793 793 15 21 32 34 147 550 624 649 671 678 694 750 767 834 961 982
794 794 7 54 392 440 494 658 689 913
795 795 9 43 419 541 571 771 788 815 873 887
796 796 22 3 7 51 118 140 158 224 343 348 387 397 408 489 495 522 561 722 756 845 886 890 989
797 797 8 319 450 692 694 769 822 885 887
798 798 6 137 205 263 411 682 918
799 799 12 112 151 274 335 402 419 427 460 470 474 884 956
800 800 14 154 175 324 343 349 368 558 593 658 720 752 806 883 928
801 801 10 107 111 614 692 707 720 766 937 947 975
802 802 15 102 187 198 224 273 297 388 405 460 550 574 577 612 860 932
803 803 8 55 234 271 326 573 710 763 809
804 804 8 296 460 706 868 886 913 914 960
805 805 11 22 95 112 276 283 326 450 707 722 803 813
806 806 11 73 86 98 117 283 322 368 387 530 605 661
807 807 7 127 175 259 263 278 427 984
808 808 7 21 97 347 368 598 663 932
809 809 12 25 54 295 349 372 556 597 629 698 805 905 992
810 810 2 93 785
811 811 5 3 21 217 279 843
812 812 7 41 45 117 140 207 296 817
813 813 13 8 51 130 196 368 385 401 414 427 527 597 763 897
814 814 13 46 71 91 170 200 205 265 330 470 572 605 661 809
815 815 13 1 45 59 272 290 487 740 844 874 888 944 962 967
816 816 11 2 4 121 333 373 381 405 597 605 686 785
817 817 13 41 64 176 266 270 277 309 529 618 797 810 870 982
818 818 13 21 27 120 414 440 484 494 517 647 883 893 966 982
819 819 8 35 155 308 332 361 546 602 994
820 820 17 75 196 256 427 429 443 514 538 541 746 763 797 858 895 896 950 956
821 821 8 13 54 239 450 540 726 797 883
822 822 10 142 185 349 581 618 652 675 692 766 963
823 823 11 212 242 361 373 390 487 550 585 722 775 886
824 824 19 8 46 93 115 123 203 210 223 227 263 319 371 593 676 763 769 795 855 949
825 825 13 8 71 97 217 354 422 438 578 633 778 843 886 937
826 826 12 5 126 130 208 239 275 306 422 450 614 937 952
827 827 8 118 301 362 489 522 573 766 930
828 828 10 68 316 322 347 471 487 563 634 711 769
829 829 13 48 53 73 229 354 417 574 581 609 802 888 940 945
830 830 13 21 68 227 438 516 647 793 813 822 883 919 949 997
831 831 13 45 75 217 294 496 589 620 628 692 720 867 967 968
832 832 12 55 185 301 375 401 412 471 489 634 678 797 960
833 833 13 0 12 151 155 354 355 460 525 792 829 883 956 994
834 834 15 38 54 69 129 162 183 364 409 460 485 514 533 788 832 921
835 835 11 197 316 345 357 438 450 580 775 874 919 937
836 836 17 25 48 161 229 300 467 477 487 572 639 692 706 745 746 773 800 968
837 837 7 241 424 826 841 844 896 946
838 838 6 177 266 345 401 571 605
839 839 10 0 8 257 294 296 322 346 529 778 854
840 840 2 286 888
841 841 5 6 385 550 652 953
842 842 8 110 354 470 544 752 759 966 975
843 843 12 54 72 120 157 207 318 548 674 835 856 894 972
844 844 11 32 145 240 243 335 440 617 687 690 694 871
845 845 11 93 170 177 262 343 419 446 455 597 888 914
846 846 4 256 395 661 966
847 847 10 70 111 115 168 217 243 279 381 825 972
848 848 7 32 85 309 416 727 917 918
849 849 13 118 348 489 561 583 661 722 753 758 821 845 886 960
850 850 10 41 51 229 311 576 661 682 750 804 882
851 851 11 9 104 242 401 429 505 595 598 766 792 842
852 852 10 12 326 343 362 480 663 666 720 868 921
853 853 5 377 480 585 918 999
854 854 12 27 177 207 280 304 550 583 597 676 825 879 950
855 855 10 27 205 335 396 509 529 658 829 884 937
856 856 13 10 70 112 162 175 212 368 470 620 674 798 805 975
857 857 13 13 283 348 487 490 614 663 735 843 888 938 968 988
858 858 6 200 520 735 766 801 821
859 859 11 8 180 477 571 616 656 716 779 914 944 972
860 860 14 8 21 130 145 196 300 326 424 443 514 576 843 897 942
861 861 13 25 194 196 217 349 401 414 427 597 632 670 774 981
862 862 6 129 766 809 895 913 960
863 863 5 120 124 205 581 834
864 864 18 43 80 120 196 279 346 427 496 537 583 657 697 720 789 800 817 856 867
865 865 7 45 75 105 240 422 687 918
866 866 7 70 132 227 477 720 888 944
867 867 11 3 11 187 538 606 687 752 797 826 956 989
868 868 10 177 185 471 561 678 681 797 890 960 992
869 869 11 116 205 381 460 492 493 523 525 706 785 893
870 870 20 25 36 83 115 132 161 168 183 272 319 334 354 526 561 651 657 658 692 903 981
871 871 7 111 403 424 470 849 862 893
872 872 5 329 403 419 765 952
873 873 9 180 349 354 558 649 682 697 809 854
874 874 12 8 78 120 176 205 283 368 423 469 516 687 919
875 875 9 75 151 280 375 561 764 819 874 952
876 876 9 53 129 373 529 611 651 829 835 953
877 877 12 21 104 185 242 249 280 494 708 712 771 927 966
878 878 13 45 150 362 514 576 639 687 700 746 800 883 952 963
879 879 14 31 44 70 82 158 187 217 345 350 369 413 467 682 966
880 880 8 274 348 368 632 674 676 912 937
881 881 5 39 469 483 683 711
882 882 8 100 183 185 206 493 548 593 883
883 883 10 21 112 126 142 156 334 527 766 797 963
884 884 11 55 206 239 249 266 493 529 548 675 705 807
885 885 5 217 241 319 408 775
886 886 15 205 236 419 450 459 522 601 602 676 697 746 751 752 793 913
887 887 7 377 480 585 918 960 982 999
888 888 15 4 173 279 287 294 320 578 726 784 787 833 867 868 919 921
889 889 14 169 185 236 257 334 348 370 487 556 618 692 708 752 885
890 890 10 24 56 105 127 189 285 400 512 671 680
891 891 12 17 57 212 249 274 295 427 514 536 540 656 854
892 892 7 277 290 294 470 471 505 883
893 893 12 34 94 115 154 185 322 480 529 568 730 830 983
894 894 14 59 180 266 285 322 326 413 510 692 694 746 780 897 913
895 895 6 38 110 567 752 759 975
896 896 8 120 489 492 597 600 631 684 824
897 897 16 25 78 151 187 212 268 295 412 489 505 579 585 796 901 952 992
898 898 10 126 136 427 456 507 689 709 746 788 789
899 899 11 31 33 48 108 159 221 243 287 322 385 671
900 900 19 40 46 62 103 298 361 378 419 477 491 500 550 751 771 780 789 825 854 886
901 901 9 181 185 352 489 623 686 858 913 985
902 902 13 43 70 75 93 240 265 376 419 480 540 682 807 984
903 903 13 77 125 140 162 177 280 314 421 494 825 881 947 960
904 904 12 72 106 229 294 350 355 548 593 695 751 829 861
905 905 9 176 328 513 534 614 682 775 847 984
906 906 9 115 162 181 361 403 597 659 782 937
907 907 14 155 161 217 239 254 265 290 345 401 571 787 889 937 991
908 908 4 2 402 576 708
909 909 6 117 175 571 766 792 952
910 910 9 283 294 450 460 467 522 545 706 913
911 911 13 158 259 281 322 327 507 614 663 675 812 820 829 868
912 912 14 32 70 234 338 395 416 430 477 727 805 808 825 844 914
913 913 8 236 244 276 335 521 682 701 883
914 914 11 2 25 38 140 142 192 274 304 438 697 706
915 915 10 368 437 494 703 706 735 800 911 975 978
916 916 6 217 299 381 427 526 897
917 917 8 217 307 402 640 675 676 967 998
918 918 9 200 263 297 354 368 675 706 753 962
919 919 8 70 259 285 354 694 841 897 989
920 920 5 177 204 540 674 736
921 921 15 103 132 197 283 298 310 509 527 545 778 788 804 810 859 933
922 922 11 239 356 411 470 541 550 608 722 828 981 992
923 923 15 36 83 115 183 196 326 334 385 460 597 658 684 692 722 923
924 924 14 140 159 205 319 401 522 538 605 675 893 894 909 952 989
925 925 10 49 59 82 108 354 529 588 608 878 923
926 926 15 72 244 262 283 294 335 352 487 708 829 853 858 883 932 978
927 927 8 460 487 603 686 688 689 817 940
928 928 8 112 120 236 280 676 778 864 918
929 929 14 229 230 265 307 334 361 362 385 460 523 556 684 815 923
930 930 8 115 129 352 413 453 480 597 765
931 931 16 90 171 188 263 285 390 441 541 618 634 639 647 706 914 937 988
932 932 14 45 53 72 355 422 477 522 538 649 687 692 821 829 894
933 933 9 8 31 137 205 408 682 795 833 918
934 934 5 168 334 346 548 684
935 935 15 125 131 210 229 230 412 510 597 632 657 676 777 800 833 981
936 936 6 183 196 507 551 792 899
937 937 14 44 73 226 272 348 513 583 622 769 789 844 883 884 947
938 938 7 4 75 208 240 412 422 918
939 939 8 28 145 157 274 346 735 742 809
940 940 10 39 236 301 316 362 412 620 701 722 797
941 941 6 32 115 265 318 427 550
942 942 14 8 35 52 146 401 426 565 631 635 701 720 778 797 919
943 943 13 22 27 82 90 375 400 412 419 468 490 541 597 653
944 944 8 111 140 183 358 456 854 883 963
945 945 10 110 115 300 320 470 527 579 623 795 928
946 946 9 72 168 249 283 344 529 548 740 913
947 947 10 326 362 576 679 746 817 899 921 946 967
948 948 5 240 629 774 878 893
949 949 4 75 125 538 858
950 950 11 151 240 480 509 710 711 750 795 807 872 888
951 951 13 199 202 295 472 613 763 775 780 785 829 874 918 988
952 952 8 2 54 72 318 674 835 856 857
953 953 9 55 185 205 368 477 633 675 725 901
954 954 9 116 197 234 250 335 673 804 904 964
955 955 7 43 278 279 377 806 885 899
956 956 8 94 217 234 240 528 588 685 795
957 957 11 22 72 124 280 308 605 614 784 788 901 914
958 958 3 571 860 886
959 959 4 1 286 614 991
960 960 9 207 221 280 304 449 550 583 676 825
961 961 8 132 385 403 450 541 682 784 938
962 962 10 197 304 411 437 492 513 529 598 782 946
963 963 9 85 309 419 468 529 742 917 918 926
964 964 8 56 141 571 614 638 641 725 921
965 965 10 72 130 159 190 333 535 657 742 763 778
966 966 6 275 405 733 800 914 932
967 967 8 48 104 215 529 578 593 609 703
968 968 6 22 48 287 421 638 824
969 969 7 83 204 355 606 740 844 949
970 970 10 46 55 84 89 120 315 470 477 658 716
971 971 14 25 280 362 489 491 520 540 556 561 653 655 830 885 921
972 972 13 48 78 83 110 440 509 510 653 769 786 809 893 922
973 973 8 176 282 456 513 614 682 691 773
974 974 9 188 316 334 472 478 520 527 597 720
975 975 13 43 325 345 405 422 440 472 487 652 706 760 774 829
976 976 4 484 661 826 895
977 977 4 477 509 789 893
978 978 10 97 170 259 401 507 509 577 726 752 949
979 979 8 0 21 310 320 362 614 828 956
980 980 7 120 283 296 334 362 649 775
981 981 9 115 122 366 470 472 498 630 686 992
982 982 14 110 140 177 181 335 390 449 653 692 736 738 775 919 984
983 983 7 470 598 735 752 795 805 942
984 984 8 327 364 472 524 573 699 844 922
985 985 15 111 118 140 162 163 183 227 544 642 701 824 866 883 887 963
986 986 17 32 93 168 217 354 368 456 527 551 583 595 620 638 651 722 840 979
987 987 8 39 82 335 350 369 456 529 913
988 988 12 6 70 129 328 334 494 562 766 814 891 944 988
989 989 16 93 178 224 226 347 443 517 608 676 722 740 766 789 807 825 932
990 990 13 108 205 305 390 505 560 579 606 632 675 692 715 795
991 991 9 56 368 421 460 568 718 797 867 918
992 992 10 102 187 295 456 487 574 722 775 806 807
993 993 11 7 54 151 360 368 414 666 785 879 883 895
994 994 15 185 236 257 349 362 370 474 487 618 634 692 695 752 789 939
995 995 11 93 97 230 358 540 545 653 789 814 883 975
996 996 11 43 51 96 396 472 510 634 675 710 831 886
997 997 14 5 93 180 196 249 362 529 597 649 722 831 895 977 994
998 998 11 159 215 309 421 460 591 677 684 707 763 855
999 999 8 18 89 171 237 510 606 722 794
1000 1000 13 19 168 346 350 412 427 484 504 561 663 674 689 874
